2
5.333333333333333
4.666666666666667
3.6666666666666665
3.6666666666666665
1
7
3
5
6.333333333333333
3
4
2.6666666666666665
4.666666666666667
4.333333333333333
2
6.333333333333333
5.666666666666667
5
7
1
2.6666666666666665
6.333333333333333
6.333333333333333
6.666666666666667
5.333333333333333
5.666666666666667
3.3333333333333335
3.3333333333333335
3.3333333333333335
2.6666666666666665
2.6666666666666665
2
5.333333333333333
6
6.333333333333333
5.666666666666667
1
5
3
4.333333333333333
3
6.666666666666667
3.6666666666666665
6.666666666666667
5.666666666666667
2
3.6666666666666665
2
5.333333333333333
6
7
3.3333333333333335
1
3.6666666666666665
4
2.6666666666666665
1.3333333333333333
7
7
7
4.333333333333333
2
6.666666666666667
4.666666666666667
6.666666666666667
4.333333333333333
7
1
2
4
4.666666666666667
6.333333333333333
2.3333333333333335
6.666666666666667
3.3333333333333335
2
4.333333333333333
2
3
6.666666666666667
1
6
3.3333333333333335
6.333333333333333
4.333333333333333
2.3333333333333335
7
7
3
3.6666666666666665
5.666666666666667
3
6
6.666666666666667
5.333333333333333
5.333333333333333
6.333333333333333
4
6.333333333333333
2.6666666666666665
2
2
1.3333333333333333
2
5.666666666666667
5.333333333333333
5.333333333333333
1
3.6666666666666665
2
3
2.6666666666666665
2
1
2.3333333333333335
2
6
1
1
1
5
2
6
1.6666666666666667
6
5
7
5.666666666666667
6
6.333333333333333
7
4
5
4.666666666666667
2
6
2.3333333333333335
2.6666666666666665
3.3333333333333335
3.6666666666666665
2
3.6666666666666665
6.333333333333333
2
1
2
6
2.6666666666666665
2.3333333333333335
3.6666666666666665
3.6666666666666665
2.3333333333333335
2
7
3.6666666666666665
1.3333333333333333
6.333333333333333
5.666666666666667
7
2
6
6.333333333333333
3
4
2.3333333333333335
6.333333333333333
4
6.666666666666667
6
2
1
4
4.333333333333333
3
4.333333333333333
2
5
1.6666666666666667
1.6666666666666667
1
3.6666666666666665
2
6.666666666666667
6.333333333333333
3.3333333333333335
3.3333333333333335
7
7
4.666666666666667
7
2.3333333333333335
5.333333333333333
1.6666666666666667
2.3333333333333335
5.333333333333333
4.666666666666667
5.666666666666667
3.6666666666666665
1
4.333333333333333
2
3
5.666666666666667
2.6666666666666665
3
1.6666666666666667
5
2
6.666666666666667
6.666666666666667
5.333333333333333
2
2.6666666666666665
1.6666666666666667
6
5
6
3.3333333333333335
3
6.333333333333333
7
2.6666666666666665
1
2
1
5.666666666666667
1
4.333333333333333
5.666666666666667
7
3.3333333333333335
6.333333333333333
2.6666666666666665
2.6666666666666665
2.6666666666666665
3
5.333333333333333
6.666666666666667
5
7
4.333333333333333
7
6
6
3.3333333333333335
6.666666666666667
6.333333333333333
5.333333333333333
6.666666666666667
3.3333333333333335
1.6666666666666667
1
4
5.666666666666667
4.333333333333333
2.6666666666666665
3.3333333333333335
4.333333333333333
2
1
4
6.333333333333333
6
1.6666666666666667
2
6.666666666666667
1
7
4
3.3333333333333335
2
5.666666666666667
5
1
5.666666666666667
6.333333333333333
3.3333333333333335
3.6666666666666665
4
2
2
3.6666666666666665
2
2
3.6666666666666665
4.333333333333333
6.666666666666667
6
4
6.333333333333333
2
2.6666666666666665
4
5
7
1.6666666666666667
1.6666666666666667
1.6666666666666667
1
